4 0.474609375 0.5362955729166666 0.08203125 0.12272135416666666
0 0.2767333984375 0.6998697916666666 0.112548828125 0.15234375
4 0.5008544921875 0.5455729166666666 0.095947265625 0.146484375
0 0.220458984375 0.6009114583333333 0.12158203125 0.166015625
4 0.4239501953125 0.5681966145833333 0.111572265625 0.15266927083333331
0 0.2227783203125 0.8455403645833333 0.152099609375 0.19303385416666666
4 0.511962890625 0.49869791666666663 0.09033203125 0.13151041666666666
0 0.27392578125 0.556640625 0.1015625 0.13671875
4 0.520751953125 0.5227864583333333 0.09326171875 0.12044270833333333
0 0.378173828125 0.7355143229166666 0.134765625 0.20149739583333331
4 0.5322265625 0.5774739583333333 0.1015625 0.14127604166666666
0 0.2689208984375 0.7527669270833333 0.152099609375 0.20670572916666666
4 0.546142578125 0.46923828125 0.1015625 0.1416015625
0 0.2730712890625 0.5104166666666666 0.112548828125 0.15755208333333331
4 0.4276123046875 0.5865885416666666 0.128173828125 0.1328125
0 0.17529296875 0.5491536458333333 0.1181640625 0.13151041666666666
4 0.5028076171875 0.42138671875 0.117919921875 0.12923177083333331
0 0.5087890625 0.30875651041666663 0.07275390625 0.0908203125
0 0.5194091796875 0.59716796875 0.368896484375 0.46842447916666663
4 0.8104248046875 0.4287109375 0.157958984375 0.17838541666666666
0 0.4912109375 0.5595703125 0.19482421875 0.255859375
4 0.2491455078125 0.5325520833333333 0.162353515625 0.208984375
4 0.49072265625 0.5086263020833333 0.1142578125 0.1806640625
0 0.1776123046875 0.57373046875 0.148681640625 0.18326822916666666
4 0.48193359375 0.4544270833333333 0.10986328125 0.16861979166666666
0 0.164306640625 0.5048828125 0.14208984375 0.16861979166666666
4 0.546142578125 0.5252278645833333 0.08837890625 0.12272135416666666
0 0.2901611328125 0.53564453125 0.096923828125 0.12662760416666666
4 0.495849609375 0.5320638020833333 0.11181640625 0.1611328125
0 0.79296875 0.52587890625 0.12451171875 0.1708984375
4 0.482421875 0.5128580729166666 0.12548828125 0.1748046875
0 0.805419921875 0.51416015625 0.14013671875 0.16959635416666666
4 0.47509765625 0.6149088541666666 0.103515625 0.16471354166666666
0 0.7491455078125 0.6062825520833333 0.112548828125 0.15006510416666666
4 0.4384765625 0.4666748046875 0.14583333333333331 0.129150390625
0 0.4851888020833333 0.768798828125 0.2099609375 0.18212890625
4 0.3944091796875 0.6593424479166666 0.135498046875 0.17220052083333331
0 0.7333984375 0.7177734375 0.17724609375 0.2421875
4 0.53466796875 0.5105794270833333 0.14306640625 0.1943359375
0 0.5369873046875 0.7078450520833333 0.155029296875 0.19303385416666666
4 0.67333984375 0.48697916666666663 0.09228515625 0.1328125
0 0.761474609375 0.4827473958333333 0.083984375 0.12434895833333333
4 0.68505859375 0.4729817708333333 0.09130859375 0.14127604166666666
0 0.772216796875 0.4754231770833333 0.0849609375 0.12923177083333331
4 0.695556640625 0.46305338541666663 0.0869140625 0.14615885416666666
0 0.781005859375 0.46744791666666663 0.083984375 0.12565104166666666
4 0.6885986328125 0.47412109375 0.089599609375 0.14876302083333331
0 0.77490234375 0.4729817708333333 0.0849609375 0.146484375
4 0.6661376953125 0.46484375 0.088623046875 0.14518229166666666
0 0.7490234375 0.4656575520833333 0.07373046875 0.13899739583333331
3 0.5697021484375 0.4944661458333333 0.111572265625 0.14778645833333331
1 0.812744140625 0.3880208333333333 0.0869140625 0.11458333333333333
2 0.1702880859375 0.6765950520833333 0.179931640625 0.22623697916666666
3 0.5162353515625 0.5626627604166666 0.061767578125 0.0947265625
1 0.7149658203125 0.4501953125 0.070068359375 0.09375
2 0.3131103515625 0.6739908854166666 0.071044921875 0.10579427083333333
3 0.5350341796875 0.49088541666666663 0.084716796875 0.12044270833333333
1 0.854248046875 0.46923828125 0.10498046875 0.1142578125
2 0.2523193359375 0.50927734375 0.096923828125 0.13053385416666666
3 0.5350341796875 0.4939778645833333 0.084716796875 0.12662760416666666
1 0.8404541015625 0.4827473958333333 0.097900390625 0.109375
2 0.2657470703125 0.49381510416666663 0.086669921875 0.11458333333333333
3 0.6688232421875 0.39794921875 0.099853515625 0.13899739583333331
1 0.759765625 0.3972981770833333 0.083984375 0.1279296875
2 0.58251953125 0.40641276041666663 0.1005859375 0.13899739583333331
3 0.672119140625 0.3972981770833333 0.09130859375 0.13053385416666666
1 0.7578125 0.38932291666666663 0.08203125 0.13151041666666666
2 0.58251953125 0.39371744791666663 0.0986328125 0.1279296875
1 0.5858154296875 0.38427734375 0.105224609375 0.12662760416666666
3 0.7430419921875 0.4102376302083333 0.1171875 0.13655598958333331
1 0.78271484375 0.41202799479166663 0.130126953125 0.13785807291666666
3 0.716796875 0.3499348958333333 0.1181640625 0.13899739583333331
1 0.81597900390625 0.3584798177083333 0.0931396484375 0.14143880208333331
2 0.62359619140625 0.3357747395833333 0.1051025390625 0.14029947916666666
2 0.77716064453125 0.378173828125 0.1190185546875 0.15869140625
2 0.8140869140625 0.368408203125 0.0009765625 0.0011393229166666665
1 0.7080078125 0.4077962239583333 0.10986328125 0.14143880208333331
2 0.80438232421875 0.40714518229166663 0.0977783203125 0.14501953125
1 0.712158203125 0.38623046875 0.103271484375 0.142578125
2 0.81134033203125 0.389892578125 0.1060791015625 0.13525390625
3 0.61578369140625 0.3880208333333333 0.1060791015625 0.13411458333333331
3 0.58673095703125 0.515380859375 0.1346435546875 0.19189453125
2 0.54241943359375 0.5196126302083333 0.1549072265625 0.18570963541666666
1 0.54290771484375 0.5393880208333333 0.1336669921875 0.21028645833333331
1 0.545654296875 0.5049641927083333 0.130126953125 0.19807942708333331
0 0.51519775390625 0.6162923177083333 0.1466064453125 0.19677734375
0 0.52587890625 0.53076171875 0.14208984375 0.21516927083333331
0 0.53643798828125 0.5645345052083333 0.1412353515625 0.23128255208333331
0 0.54010009765625 0.48404947916666663 0.1522216796875 0.2620442708333333
0 0.56591796875 0.5565592447916666 0.170654296875 0.24235026041666666
0 0.55718994140625 0.6278483072916666 0.1751708984375 0.2693684895833333
0 0.55120849609375 0.6986490885416666 0.1983642578125 0.2879231770833333
0 0.59130859375 0.6653645833333333 0.188232421875 0.3001302083333333
0 0.48480224609375 0.6187337239583333 0.2056884765625 0.26806640625
0 0.4976806640625 0.6402180989583333 0.194580078125 0.29150390625
0 0.446044921875 0.6525065104166666 0.203857421875 0.2766927083333333
0 0.4722900390625 0.7041829427083333 0.221435546875 0.30126953125
0 0.47967529296875 0.6309407552083333 0.2176513671875 0.32470703125
0 0.5054931640625 0.6359049479166666 0.238037109375 0.322265625
0 0.50921630859375 0.6334635416666666 0.2288818359375 0.3518880208333333
0 0.56732177734375 0.5006510416666666 0.2159423828125 0.2952473958333333
0 0.3768310546875 0.25699869791666663 0.161376953125 0.1943359375
0 0.454345703125 0.477294921875 0.220458984375 0.3025716145833333
0 0.19696044921875 0.2552083333333333 0.1890869140625 0.22265625
0 0.16192626953125 0.32902018229166663 0.1947021484375 0.24462890625
0 0.446044921875 0.5393880208333333 0.229736328125 0.298828125
0 0.5951334635416666 0.57684326171875 0.13460286458333331 0.1156005859375
0 0.55078125 0.8265380859375 0.13444010416666666 0.123046875
0 0.5861002604166666 0.835205078125 0.14908854166666666 0.12548828125
1 0.570556640625 0.77117919921875 0.14436848958333331 0.1451416015625
1 0.56884765625 0.76873779296875 0.16080729166666666 0.1475830078125
1 0.5878092447916666 0.7742919921875 0.15250651041666666 0.141357421875
1 0.51153564453125 0.4588216145833333 0.1412353515625 0.2041015625
1 0.5235595703125 0.48583984375 0.15771484375 0.23372395833333331
1 0.49127197265625 0.51416015625 0.1724853515625 0.22135416666666666
1 0.487548828125 0.482177734375 0.187255859375 0.23128255208333331
1 0.4603271484375 0.5707194010416666 0.188232421875 0.27067057291666663
1 0.4898681640625 0.48095703125 0.171630859375 0.23860677083333331
1 0.5184326171875 0.5191243489583333 0.171630859375 0.23616536458333331
1 0.5101318359375 0.5043131510416666 0.16796875 0.23356119791666666
1 0.51617431640625 0.45084635416666663 0.1651611328125 0.2275390625
1 0.45526123046875 0.4993489583333333 0.1798095703125 0.22623697916666666
1 0.6942138671875 0.5553385416666666 0.161376953125 0.21028645833333331
1 0.6729736328125 0.5830078125 0.196533203125 0.24348958333333331
1 0.5184326171875 0.4851888020833333 0.1328125 0.20052083333333331
1 0.4266357421875 0.5276692708333333 0.163330078125 0.22135416666666666
0 0.51934814453125 0.5338541666666666 0.1734619140625 0.21158854166666666
0 0.50048828125 0.6095377604166666 0.18359375 0.2718098958333333
0 0.52166748046875 0.510498046875 0.1744384765625 0.22379557291666666
0 0.45391845703125 0.6057942708333333 0.2066650390625 0.298828125
0 0.4188232421875 0.4871419270833333 0.178955078125 0.23372395833333331
0 0.50689697265625 0.5184733072916666 0.1724853515625 0.25699869791666663
0 0.49310302734375 0.565185546875 0.2056884765625 0.27685546875
0 0.54705810546875 0.5418294270833333 0.1900634765625 0.2815755208333333
0 0.529541015625 0.617431640625 0.188232421875 0.27555338541666663
0 0.55908203125 0.5535481770833333 0.195556640625 0.28287760416666663
0 0.5951334635416666 0.7244873046875 0.13460286458333331 0.1181640625
0 0.616455078125 0.735595703125 0.14111328125 0.1279296875
2 0.56500244140625 0.5479329427083333 0.1724853515625 0.28173828125
2 0.5697021484375 0.5565592447916666 0.18359375 0.2693684895833333
2 0.54058837890625 0.6248372395833333 0.1937255859375 0.23860677083333331
4 0.5521240234375 0.5079752604166666 0.172607421875 0.21647135416666666
4 0.57659912109375 0.484619140625 0.1678466796875 0.23616536458333331
4 0.52490234375 0.4446614583333333 0.162353515625 0.23990885416666666
4 0.50830078125 0.472900390625 0.153076171875 0.2596028645833333
4 0.5244140625 0.5725911458333333 0.163330078125 0.23502604166666666
4 0.54705810546875 0.5233561197916666 0.1495361328125 0.23258463541666666
4 0.43865966796875 0.5018717447916666 0.1910400390625 0.22639973958333331
4 0.5106201171875 0.55224609375 0.15771484375 0.19921875
4 0.50830078125 0.544921875 0.169677734375 0.23372395833333331
2 0.57562255859375 0.5184733072916666 0.1734619140625 0.24235026041666666
2 0.49078369140625 0.5159505208333333 0.1715087890625 0.2275390625
2 0.51800537109375 0.5732421875 0.1485595703125 0.22135416666666666
2 0.511962890625 0.5411783854166666 0.162353515625 0.24348958333333331
2 0.49859619140625 0.5504557291666666 0.1595458984375 0.21516927083333331
2 0.43035888671875 0.520263671875 0.1688232421875 0.24104817708333331
2 0.52447509765625 0.50927734375 0.1485595703125 0.19921875
4 0.5267333984375 0.4458821614583333 0.121826171875 0.17822265625
4 0.515625 0.4815266927083333 0.095947265625 0.17106119791666666
4 0.6337890625 0.4951171875 0.1845703125 0.2373046875
4 0.53228759765625 0.5891927083333333 0.1383056640625 0.2532552083333333
4 0.51104736328125 0.5731608072916666 0.1605224609375 0.25341796875
4 0.56732177734375 0.489501953125 0.1070556640625 0.27067057291666663
4 0.5225830078125 0.4851888020833333 0.111572265625 0.18815104166666666
3 0.5225830078125 0.5620930989583333 0.087646484375 0.18212890625
3 0.57470703125 0.6248372395833333 0.155029296875 0.21907552083333331
3 0.6259765625 0.593505859375 0.104248046875 0.22509765625
3 0.60101318359375 0.626708984375 0.1485595703125 0.25699869791666663
3 0.61944580078125 0.5423990885416666 0.1263427734375 0.22639973958333331
3 0.49493408203125 0.551025390625 0.0894775390625 0.16975911458333331
3 0.458984375 0.5873209635416666 0.078369140625 0.13395182291666666
0 0.553955078125 0.49259440104166663 0.1484375 0.14632161458333331
0 0.5235595703125 0.5454915364583333 0.146728515625 0.16845703125
0 0.5059814453125 0.5608723958333333 0.09326171875 0.208984375
0 0.5498046875 0.4754231770833333 0.095947265625 0.212890625
0 0.52862548828125 0.5283203125 0.1605224609375 0.2177734375
0 0.57012939453125 0.5 0.1807861328125 0.232421875
0 0.56134033203125 0.5252278645833333 0.1578369140625 0.22623697916666666
0 0.56500244140625 0.508544921875 0.1558837890625 0.22509765625
0 0.55767822265625 0.5350748697916666 0.1854248046875 0.26806640625
1 0.562744140625 0.46427408854166663 0.14208984375 0.22509765625
1 0.553466796875 0.5196940104166666 0.166015625 0.21516927083333331
1 0.56231689453125 0.453857421875 0.1522216796875 0.28043619791666663
1 0.50921630859375 0.5645345052083333 0.1715087890625 0.27555338541666663
1 0.50787353515625 0.6426595052083333 0.1522216796875 0.24723307291666666
1 0.4774169921875 0.5774739583333333 0.154052734375 0.20052083333333331
4 0.45477294921875 0.610107421875 0.2066650390625 0.27555338541666663
4 0.55255126953125 0.5682779947916666 0.1512451171875 0.2508138020833333
4 0.42388916015625 0.5879720052083333 0.2186279296875 0.26578776041666663
4 0.521240234375 0.6014811197916666 0.2158203125 0.28531901041666663
4 0.537353515625 0.5079752604166666 0.181640625 0.23372395833333331
4 0.4898681640625 0.5166015625 0.186279296875 0.2903645833333333
4 0.579345703125 0.5043131510416666 0.19189453125 0.24365234375
2 0.5355224609375 0.59716796875 0.20751953125 0.29166666666666663
2 0.520751953125 0.474853515625 0.196533203125 0.23616536458333331
2 0.44189453125 0.6531575520833333 0.186279296875 0.2903645833333333
2 0.6112060546875 0.5873209635416666 0.220458984375 0.29410807291666663
2 0.56365966796875 0.5694986979166666 0.1881103515625 0.2607421875
2 0.54888916015625 0.6002604166666666 0.2083740234375 0.26822916666666663
0 0.5816650390625 0.6494140625 0.17626953125 0.2509765625
0 0.5 0.5362955729166666 0.18994140625 0.27311197916666663
0 0.50787353515625 0.5492350260416666 0.1761474609375 0.2644856770833333
1 0.57379150390625 0.6272786458333333 0.2047119140625 0.2705078125
1 0.5567626953125 0.6298014322916666 0.196533203125 0.27067057291666663
1 0.57470703125 0.5904134114583333 0.204833984375 0.28531901041666663
1 0.55401611328125 0.6063639322916666 0.2020263671875 0.28043619791666663
4 0.51708984375 0.6248372395833333 0.2001953125 0.3050130208333333
3 0.50830078125 0.6260579427083333 0.1845703125 0.2508138020833333
3 0.58209228515625 0.63037109375 0.1881103515625 0.23990885416666666
4 0.496337890625 0.6463216145833333 0.188232421875 0.2620442708333333
4 0.50274658203125 0.6310221354166666 0.1844482421875 0.24609375
